rep,seed,learner,r_d,r_d_oracle,inflation,coverage,estimate,se
0,1000,xgboost,0.16195948691710485,0.15491172624966268,0.007047760667442171,1,2.010111421275327,1.2977800525349716
0,1000,lasso,0.6583310647683654,0.15491172624966268,0.5034193385187028,1,4.367224402760924,0.5510700818212908
0,1000,lasso_logistic,0.22344229913721514,0.15491172624966268,0.06853057288755246,1,3.993141920681518,1.1317121755009598
1,1001,xgboost,0.1370767680021797,0.1373307941778316,-0.0002540261756519002,1,3.9129819715957512,0.1927883254373895
1,1001,lasso,0.6554939865533447,0.1373307941778316,0.5181631923755131,1,4.040129083542855,0.08800093995084424
1,1001,lasso_logistic,0.19337415523178364,0.1373307941778316,0.05604336105395205,0,4.865456172709273,0.21598095502675244
2,1002,xgboost,0.14896363704404597,0.1391082890305855,0.009855348013460469,1,4.118516493906295,0.27948608474645587
2,1002,lasso,0.652543351865221,0.1391082890305855,0.5134350628346356,1,3.751692768911164,0.17783195134357055
2,1002,lasso_logistic,0.1789495840534821,0.1391082890305855,0.0398412950228966,0,4.996381564043371,0.37516164997550117
3,1003,xgboost,0.1389758410148586,0.12407475876224693,0.014901082252611678,1,4.033389065854159,0.2540677617465649
3,1003,lasso,0.6605804442033183,0.12407475876224693,0.5365056854410714,1,3.9114439570181214,0.10861286399791267
3,1003,lasso_logistic,0.18780627121705898,0.12407475876224693,0.06373151245481205,0,5.364012245449525,0.26423554896313434
4,1004,xgboost,0.1491642068343164,0.1322034891412771,0.01696071769303928,0,2.7712103228851346,0.3218468173675854
4,1004,lasso,0.6533401525063501,0.1322034891412771,0.521136663365073,0,3.3627938101042045,0.12171115557526115
4,1004,lasso_logistic,0.1905710295010423,0.1322034891412771,0.058367540359765185,1,4.032278632450446,0.3436495730845751
5,1005,xgboost,0.15888012343145572,0.15015377993266574,0.008726343498789979,0,10.568427197696977,1.272071318496716
5,1005,lasso,0.6451570745752246,0.15015377993266574,0.4950032946425589,0,-2.268242992728576,1.3753062363422586
5,1005,lasso_logistic,0.1888629929493032,0.15015377993266574,0.03870921301663746,0,7.791732199757485,1.45801263554401
6,1006,xgboost,0.15627942789666635,0.14700320286720295,0.009276225029463403,1,8.269701931643237,3.698580325573844
6,1006,lasso,0.6611869169818573,0.14700320286720295,0.5141837141146544,0,7.884728133219524,1.4657384553928159
6,1006,lasso_logistic,0.1923549353372378,0.14700320286720295,0.04535173247003485,0,10.004169736364181,2.543797582252488
7,1007,xgboost,0.1383795707569475,0.13036547247882005,0.008014098278127463,0,2.959100286722158,0.4383923301978187
7,1007,lasso,0.6598916466798936,0.13036547247882005,0.5295261742010736,1,3.744199362301948,0.23685703125176474
7,1007,lasso_logistic,0.1980511345423815,0.13036547247882005,0.06768566206356144,1,3.8741625863590854,0.48030758668391166
8,1008,xgboost,0.1238793999617716,0.11481142331479818,0.00906797664697341,1,4.288558578167871,0.2733346317744542
8,1008,lasso,0.6500127819871511,0.11481142331479818,0.5352013586723529,0,3.407713292935368,0.12639329019051418
8,1008,lasso_logistic,0.16617233007063165,0.11481142331479818,0.05136090675583346,0,5.331461087073459,0.25375774291865905
9,1009,xgboost,0.12296065695463802,0.13055374290117946,-0.007593085946541442,1,3.0695592196835277,1.2315278957766873
9,1009,lasso,0.6546457425583013,0.13055374290117946,0.5240919996571218,1,4.443076713488348,0.4730167669356282
9,1009,lasso_logistic,0.19652012114769474,0.13055374290117946,0.06596637824651527,1,5.323049437882899,0.8392887465263169
10,1010,xgboost,0.14775029660986566,0.13549535055561907,0.012254946054246596,1,3.421479177410415,0.9778691472268157
10,1010,lasso,0.6668650880208357,0.13549535055561907,0.5313697374652167,1,3.803275813563655,0.3523926208228396
10,1010,lasso_logistic,0.19178613280850035,0.13549535055561907,0.05629078225288128,1,5.016147313752665,0.6991889114337366
11,1011,xgboost,0.16239153913314458,0.14132541890760994,0.02106612022553464,0,3.4121211317957347,0.17766971606991291
11,1011,lasso,0.6595075883833282,0.14132541890760994,0.5181821694757183,0,2.7567617483738225,0.09749488748755965
11,1011,lasso_logistic,0.19421724077715993,0.14132541890760994,0.05289182186954999,1,4.1391630284782845,0.22614791340009108
12,1012,xgboost,0.1343206880766787,0.12435219512929606,0.009968492947382654,1,4.180077335849434,0.34248194905976564
12,1012,lasso,0.6478393968151425,0.12435219512929606,0.5234872016858464,0,3.326568923716833,0.14300449929209824
12,1012,lasso_logistic,0.1887094796182797,0.12435219512929606,0.06435728448898363,1,4.475693998364783,0.3023586581558471
13,1013,xgboost,0.17292711839287678,0.15743920447190737,0.015487913920969404,0,5.251379956245195,0.28648940485287344
13,1013,lasso,0.6632613284260701,0.15743920447190737,0.5058221239541627,0,3.163820528089729,0.2278450915064924
13,1013,lasso_logistic,0.2144513936456115,0.15743920447190737,0.057012189173704125,0,5.537024584291157,0.31413281246468744
14,1014,xgboost,0.1215716839513281,0.11420418992587655,0.007367494025451546,1,3.747130901072989,0.2669771822903513
14,1014,lasso,0.6511263196268803,0.11420418992587655,0.5369221297010037,0,3.6435187968946137,0.09888342024516061
14,1014,lasso_logistic,0.17792278251683882,0.11420418992587655,0.06371859259096227,1,4.372835434314761,0.253619720067615
15,1015,xgboost,0.16185546583047924,0.1380065278999062,0.02384893793057305,0,4.890816581823864,0.39037804996892456
15,1015,lasso,0.6511603904531387,0.1380065278999062,0.5131538625532325,0,5.328994234316639,0.266208387865478
15,1015,lasso_logistic,0.19589264750245747,0.1380065278999062,0.05788611960255127,0,6.116455822525811,0.5122034013255032
16,1016,xgboost,0.13119959604847156,0.12887416341749336,0.0023254326309782025,0,4.6613437781306555,0.17337980455604904
16,1016,lasso,0.6546253514080831,0.12887416341749336,0.5257511879905897,0,3.486773089012494,0.10834695650656963
16,1016,lasso_logistic,0.18458216306508748,0.12887416341749336,0.055707999647594125,0,4.864043992794945,0.21866794113288643
17,1017,xgboost,0.14972529283591715,0.14332282607038063,0.006402466765536519,1,4.656527593591216,0.46643451997770097
17,1017,lasso,0.657828002722132,0.14332282607038063,0.5145051766517514,0,1.7410881669810734,0.35490294884044504
17,1017,lasso_logistic,0.1890292572457289,0.14332282607038063,0.045706431175348256,1,4.928195128001916,0.4887515693258662
18,1018,xgboost,0.14739341745201975,0.131175318001058,0.016218099450961754,0,3.5187600598822613,0.2428093829322744
18,1018,lasso,0.6541513553933881,0.131175318001058,0.5229760373923301,1,3.9670312150475877,0.10164890131525961
18,1018,lasso_logistic,0.19551398399000838,0.131175318001058,0.06433866598895038,1,4.504605965066032,0.2942618880125968
19,1019,xgboost,0.12824789444560106,0.12292579132482506,0.005322103120775995,1,3.7799803906507154,0.41793361324570893
19,1019,lasso,0.6526774435580447,0.12292579132482506,0.5297516522332196,0,3.5398683765050074,0.14588546899444285
19,1019,lasso_logistic,0.18893412842882656,0.12292579132482506,0.0660083371040015,1,4.39043505834569,0.32829740858408885
20,1020,xgboost,0.17292505148402995,0.16120687860694147,0.011718172877088484,1,3.624059543540639,0.21994586768549995
20,1020,lasso,0.6681756914688354,0.16120687860694147,0.5069688128618939,0,3.647247920363188,0.1169754807644481
20,1020,lasso_logistic,0.20615406942321135,0.16120687860694147,0.04494719081626988,0,4.808112207685881,0.2615002609024785
21,1021,xgboost,0.14204406413331896,0.14037909856131034,0.0016649655720086254,0,5.173350038171588,0.2773586855745714
21,1021,lasso,0.6470304397815378,0.14037909856131034,0.5066513412202275,0,2.8328753146972265,0.23617546399244327
21,1021,lasso_logistic,0.19506959139107682,0.14037909856131034,0.054690492829766485,0,5.675061722031264,0.3100569852909811
22,1022,xgboost,0.12366351222641185,0.1161607047575134,0.007502807468898448,1,4.119654686446073,0.21257445960338422
22,1022,lasso,0.6499481797068973,0.1161607047575134,0.5337874749493839,0,2.588611396066111,0.09601896943454057
22,1022,lasso_logistic,0.17352797433288072,0.1161607047575134,0.05736726957536732,0,4.4388457975873905,0.219816564799943
23,1023,xgboost,0.15637631547149625,0.15432223483034416,0.0020540806411520895,0,3.4572041404173035,0.23691100831805098
23,1023,lasso,0.6586191896641517,0.15432223483034416,0.5042969548338075,0,3.267679368210047,0.1134688079113673
23,1023,lasso_logistic,0.20499356831789708,0.15432223483034416,0.05067133348755293,1,4.22046634878611,0.2558425743173352
24,1024,xgboost,0.1580978064021828,0.13443123916999464,0.023666567232188157,1,3.679543905329691,0.21945661777645195
24,1024,lasso,0.6547088562763009,0.13443123916999464,0.5202776171063063,1,3.8481181941786153,0.1055185240916958
24,1024,lasso_logistic,0.18861835705409172,0.13443123916999464,0.05418711788409708,0,4.751186195083605,0.25041729797375706
25,1025,xgboost,0.15973571378099843,0.13686406468977227,0.02287164909122616,1,3.6967444665482576,0.3545703070933608
25,1025,lasso,0.6525064055451876,0.13686406468977227,0.5156423408554153,0,3.431358680237791,0.19422467315932576
25,1025,lasso_logistic,0.17910573131587892,0.13686406468977227,0.04224166662610665,0,4.926689521144974,0.43426711184254496
26,1026,xgboost,0.15034688956064152,0.14034847906974696,0.00999841049089456,1,4.309496796952304,0.27598726505476745
26,1026,lasso,0.6623984473916144,0.14034847906974696,0.5220499683218673,1,3.7133776566016388,0.14774432929464484
26,1026,lasso_logistic,0.19649917524963317,0.14034847906974696,0.05615069617988622,0,5.078349818209734,0.2698516344659382
27,1027,xgboost,0.14204010101367154,0.13772491831433273,0.00431518269933881,1,2.015575762956297,2.0070620352137527
27,1027,lasso,0.662289356248083,0.13772491831433273,0.5245644379337503,1,4.463365785160195,0.9317638991566813
27,1027,lasso_logistic,0.19411256457348364,0.13772491831433273,0.05638764625915091,1,3.91721436066907,1.6710265319384956
28,1028,xgboost,0.14937373508822185,0.13580050205186023,0.013573233036361626,1,3.57633169517939,0.3187859095191635
28,1028,lasso,0.6649253919282742,0.13580050205186023,0.5291248898764139,0,3.657931795322145,0.16274361982247623
28,1028,lasso_logistic,0.19399307204861352,0.13580050205186023,0.05819256999675329,0,4.828676072634254,0.310424317058971
29,1029,xgboost,0.15123518689424492,0.1401353342849012,0.011099852609343736,1,4.223567246045056,0.33702643069687016
29,1029,lasso,0.6568985061496394,0.1401353342849012,0.5167631718647382,1,3.7480192036597866,0.1447853450900111
29,1029,lasso_logistic,0.18494789769588693,0.1401353342849012,0.044812563410985745,0,5.032878182002668,0.3404129460639844
30,1030,xgboost,0.14301101442399325,0.14684972360779058,-0.003838709183797334,1,6.47160211745293,2.348259765914938
30,1030,lasso,0.6600652517685635,0.14684972360779058,0.5132155281607729,0,6.246158734743643,0.8445134395853987
30,1030,lasso_logistic,0.19598150507698087,0.14684972360779058,0.04913178146919028,0,7.415487323090786,1.5936037208950145
31,1031,xgboost,0.14084033965585296,0.12801216337500693,0.012828176280846038,1,4.3756777218928935,0.3228647185715449
31,1031,lasso,0.6605274173080565,0.12801216337500693,0.5325152539330495,0,4.505497258384286,0.16420565243954346
31,1031,lasso_logistic,0.17495812051436982,0.12801216337500693,0.04694595713936289,0,6.110619069251545,0.3804058361548805
32,1032,xgboost,0.19606057538539226,0.17643429123623225,0.01962628414916001,1,4.032394990282713,0.1742200682918846
32,1032,lasso,0.6531693824649841,0.17643429123623225,0.4767350912287519,0,3.611611525010905,0.09183811476651091
32,1032,lasso_logistic,0.23437283085203592,0.17643429123623225,0.05793853961580367,1,4.282344944844147,0.2112385447613655
33,1033,xgboost,0.16490501971457508,0.16342883687147483,0.0014761828431002488,0,6.208561323941484,0.38894355081798
33,1033,lasso,0.6592704249789659,0.16342883687147483,0.4958415881074911,0,1.2280569511521402,0.4552626252183447
33,1033,lasso_logistic,0.2183856868491164,0.16342883687147483,0.05495684997764158,1,5.335976269995988,0.7673699480956581
34,1034,xgboost,0.14486327717724468,0.13547683227677437,0.009386444900470303,0,3.3446363488319153,0.25881230203230404
34,1034,lasso,0.6419642793291436,0.13547683227677437,0.5064874470523693,1,3.9154447652348217,0.13721718575302783
34,1034,lasso_logistic,0.20117578498523964,0.13547683227677437,0.06569895270846526,0,4.657260145024496,0.30555794028847844
35,1035,xgboost,0.17056498058553005,0.15436130950464869,0.01620367108088136,1,4.403059666135961,0.4422413105922385
35,1035,lasso,0.6654118192839205,0.15436130950464869,0.5110505097792718,0,3.42502459756494,0.24314570662126597
35,1035,lasso_logistic,0.20908265261359793,0.15436130950464869,0.054721343108949244,0,4.882024045562137,0.4059717996271692
36,1036,xgboost,0.13849726862283393,0.12131503743009865,0.01718223119273528,0,3.2093476588690826,0.3795841803689639
36,1036,lasso,0.6514057798706346,0.12131503743009865,0.530090742440536,0,2.5150900342920273,0.15294606497089946
36,1036,lasso_logistic,0.18305060891634534,0.12131503743009865,0.061735571486246685,1,3.9331063580622194,0.3600035057403989
37,1037,xgboost,0.12992325470204258,0.12410758223179381,0.0058156724702487644,0,3.1733983536311534,0.40216621018784193
37,1037,lasso,0.6530705891124177,0.12410758223179381,0.5289630068806238,0,3.708305828716516,0.14169901169131402
37,1037,lasso_logistic,0.17940918046162166,0.12410758223179381,0.055301598229827845,1,4.136475294268266,0.38520266762262106
38,1038,xgboost,0.16425450396511995,0.15276150714538556,0.011492996819734397,1,3.4655127776401518,0.4521127415303575
38,1038,lasso,0.6674871683711506,0.15276150714538556,0.5147256612257651,0,5.222108751464522,0.24059385818754264
38,1038,lasso_logistic,0.20606383500034953,0.15276150714538556,0.05330232785496397,1,4.478302284523003,0.4745847505324644
39,1039,xgboost,0.1563909569737305,0.14714378737526435,0.009247169598466165,1,3.88808698516827,0.2520558348749753
39,1039,lasso,0.674129011609326,0.14714378737526435,0.5269852242340617,1,4.00327384925429,0.12596348473050553
39,1039,lasso_logistic,0.1876169860156481,0.14714378737526435,0.04047319864038376,0,4.710778491622665,0.3208989568184855
40,1040,xgboost,0.11483571173467667,0.12196444489284826,-0.007128733158171585,1,3.747962397476931,0.24713353161452412
40,1040,lasso,0.6621689093558488,0.12196444489284826,0.5402044644630005,1,3.9073316958290905,0.11279969141410437
40,1040,lasso_logistic,0.16956766256017408,0.12196444489284826,0.04760321766732582,0,4.851592556934828,0.28641039063562995
41,1041,xgboost,0.1622276605642874,0.16527602992758783,-0.0030483693633004405,1,4.134526313261486,0.1835612491840121
41,1041,lasso,0.6459561424143727,0.16527602992758783,0.4806801124867849,0,3.488731730897135,0.13535196824566811
41,1041,lasso_logistic,0.2258995499356085,0.16527602992758783,0.06062352000802068,0,4.713633712110707,0.2291329517782269
42,1042,xgboost,0.13724737754341812,0.11466238335260946,0.022584994190808658,1,4.316551542015346,0.6598633689342722
42,1042,lasso,0.6509913958333319,0.11466238335260946,0.5363290124807224,1,3.5729147090601288,0.27887439942336256
42,1042,lasso_logistic,0.17254813193997168,0.11466238335260946,0.057885748587362215,0,5.636986500290103,0.5745893783458353
43,1043,xgboost,0.1731572202128975,0.14727812957104572,0.025879090641851787,1,4.2768137289619,0.6752598114096895
43,1043,lasso,0.6471008730806312,0.14727812957104572,0.49982274350958555,0,1.3266462679415847,0.432042543828981
43,1043,lasso_logistic,0.19853436767223445,0.14727812957104572,0.051256238101188734,1,5.099799538068134,0.7207488091707319
44,1044,xgboost,0.1799641516864187,0.16480841825254586,0.015155733433872831,0,1.1266615911109572,1.3455834309392072
44,1044,lasso,0.6752995015277296,0.16480841825254586,0.5104910832751837,0,2.0541027269920717,0.43913838593916854
44,1044,lasso_logistic,0.20728744328158621,0.16480841825254586,0.04247902502904036,1,2.4523276719287916,0.9784688366348715
45,1045,xgboost,0.13002833052554372,0.11762718518257927,0.01240114534296445,0,1.549041101403679,0.9908791494498294
45,1045,lasso,0.6491656437237924,0.11762718518257927,0.5315384585412131,1,3.4080503621480136,0.3720187133509285
45,1045,lasso_logistic,0.17474531093771808,0.11762718518257927,0.05711812575513882,1,3.6093260742349424,0.7951176453831459
46,1046,xgboost,0.14121859847966703,0.13673197511789595,0.0044866233617710805,0,1.4992271146205336,1.085444932442158
46,1046,lasso,0.6684564253726546,0.13673197511789595,0.5317244502547587,0,6.549623834108743,0.6123083426381912
46,1046,lasso_logistic,0.1735224178266048,0.13673197511789595,0.03679044270870885,0,1.3669291166187496,1.1637146557110984
47,1047,xgboost,0.14847720673589032,0.1401863470035098,0.008290859732380529,1,4.3152035516584615,0.25330443386174856
47,1047,lasso,0.6636491983360032,0.1401863470035098,0.5234628513324935,0,4.469277091040387,0.16033839211435869
47,1047,lasso_logistic,0.18201779266985957,0.1401863470035098,0.041831445666349776,0,5.7307280203386,0.36962199772642623
48,1048,xgboost,0.1436487189062814,0.13323530367228426,0.010413415233997136,1,4.555385966333442,0.2960203731307005
48,1048,lasso,0.6570053276445307,0.13323530367228426,0.5237700239722465,1,4.1667391571586245,0.12716100539371938
48,1048,lasso_logistic,0.18995613447812143,0.13323530367228426,0.056720830805837175,0,5.201103782761483,0.28570409905852806
49,1049,xgboost,0.13162423229512504,0.12757192245229337,0.0040523098428316695,1,3.782892042589643,0.22376467196544247
49,1049,lasso,0.662435189287794,0.12757192245229337,0.5348632668355007,1,3.919950922645891,0.09551721982228562
49,1049,lasso_logistic,0.1809998693296209,0.12757192245229337,0.05342794687732752,0,4.833763476788726,0.27939689602445306
50,1050,xgboost,0.1015583414361819,0.10597245683804513,-0.0044141154018632195,0,4.644707611367213,0.29585498238292846
50,1050,lasso,0.6597138085828632,0.10597245683804513,0.5537413517448181,0,3.2562596175846004,0.2317045635383268
50,1050,lasso_logistic,0.1565861018703103,0.10597245683804513,0.050613645032265175,0,5.269046155134979,0.49717129113109826
51,1051,xgboost,0.14418868373799243,0.13774954366273534,0.006439140075257088,1,3.942865359424594,0.5688364080621605
51,1051,lasso,0.6631252995632652,0.13774954366273534,0.5253757559005299,0,5.745282429151867,0.2675491138476556
51,1051,lasso_logistic,0.18109150841687346,0.13774954366273534,0.043341964754138124,0,5.234713282945694,0.5364014420962318
52,1052,xgboost,0.17570944418803564,0.16017086809950673,0.015538576088528905,1,5.50316465706156,1.4488868608647545
52,1052,lasso,0.6621505182679712,0.16017086809950673,0.5019796501684645,1,3.949947128613142,0.7297843736045115
52,1052,lasso_logistic,0.20896805758405534,0.16017086809950673,0.048797189484548614,0,6.474257344360916,1.2141221724706892
53,1053,xgboost,0.18161876107993585,0.17010825701448992,0.011510504065445931,1,2.697274644513092,0.6996276417270354
53,1053,lasso,0.6658245395496445,0.17010825701448992,0.49571628253515454,0,6.3577281085650394,0.4108785312215992
53,1053,lasso_logistic,0.21996448098160498,0.17010825701448992,0.04985622396711506,1,4.069673242502497,0.7982621293259246
54,1054,xgboost,0.15526705190672838,0.14719635993255015,0.008070691974178229,1,4.022011146732787,0.6234991959969051
54,1054,lasso,0.6686674980677284,0.14719635993255015,0.5214711381351782,1,3.7901725733819838,0.2141845279707769
54,1054,lasso_logistic,0.20074573352251357,0.14719635993255015,0.05354937358996342,1,5.04028699204333,0.5630585200414514
55,1055,xgboost,0.1324043694523174,0.12454219840737239,0.007862171044945007,1,3.3186768076758555,0.427691633939627
55,1055,lasso,0.6641875403350456,0.12454219840737239,0.5396453419276732,0,3.2192318601437035,0.1719742002417041
55,1055,lasso_logistic,0.17774509643709568,0.12454219840737239,0.05320289802972329,1,4.105065946642694,0.3545025904604878
56,1056,xgboost,0.16941445537434893,0.1582755553795192,0.011138899994829726,1,5.039587967892497,0.6302654816443751
56,1056,lasso,0.6607910540746553,0.1582755553795192,0.5025154986951361,0,2.9195253082134163,0.4760483685626055
56,1056,lasso_logistic,0.23707863751704825,0.1582755553795192,0.07880308213752904,1,5.230412310474154,0.7915379846508472
57,1057,xgboost,0.12145380543672232,0.11789627663335861,0.003557528803363713,1,4.016747854018509,0.266739786198705
57,1057,lasso,0.662685939908873,0.11789627663335861,0.5447896632755145,0,3.1135330602815223,0.10444315278785005
57,1057,lasso_logistic,0.17941580418058375,0.11789627663335861,0.061519527547225145,0,4.632686924466064,0.22263500848168796
58,1058,xgboost,0.1312273441094587,0.12191388474096343,0.009313459368495258,0,4.889745681684421,0.3635134439938253
58,1058,lasso,0.6631904378205986,0.12191388474096343,0.5412765530796352,1,3.694334721294102,0.23203658227706497
58,1058,lasso_logistic,0.1883966110383403,0.12191388474096343,0.06648272629737687,0,5.4183722129506675,0.42715550071836444
59,1059,xgboost,0.17115213339015997,0.16649690499090072,0.004655228399259248,1,3.6922688187504593,0.19339262677269606
59,1059,lasso,0.6736186697876168,0.16649690499090072,0.507121764796716,0,3.7358303218928137,0.08948260693919315
59,1059,lasso_logistic,0.22444069159782537,0.16649690499090072,0.05794378660692465,0,4.560104515976928,0.20940283217695685
60,1060,xgboost,0.12410960131057917,0.11209038590227106,0.01201921540830811,0,1.2218405888563504,1.398022114381723
60,1060,lasso,0.6532415825591807,0.11209038590227106,0.5411511966569097,0,5.720956956661754,0.5641265464860885
60,1060,lasso_logistic,0.18048004236673776,0.11209038590227106,0.0683896564644667,1,3.1247691737397445,1.2016416730058168
61,1061,xgboost,0.13584705264226302,0.12495439542186405,0.010892657220398963,1,3.7859633166067144,0.22272388485416292
61,1061,lasso,0.6511510129534402,0.12495439542186405,0.5261966175315762,1,3.8723334264370677,0.10662371234279679
61,1061,lasso_logistic,0.1961189821268031,0.12495439542186405,0.07116458670493904,0,4.531852274015964,0.24466394999271654
62,1062,xgboost,0.151293446711731,0.13381851462235408,0.01747493208937692,1,3.97599452434679,0.19079272025828062
62,1062,lasso,0.6455325009006992,0.13381851462235408,0.5117139862783452,1,3.9547138966435145,0.09242323905352956
62,1062,lasso_logistic,0.18898650273533293,0.13381851462235408,0.05516798811297885,0,4.717720599030719,0.23061737794017131
63,1063,xgboost,0.1463167640768781,0.12472023230884241,0.021596531768035693,1,4.046347394848535,0.1985269380381143
63,1063,lasso,0.6525870746259333,0.12472023230884241,0.5278668423170909,1,3.9973816413288525,0.09326544877788331
63,1063,lasso_logistic,0.19428071131249292,0.12472023230884241,0.0695604790036505,0,4.812952799880592,0.2560764789821885
64,1064,xgboost,0.15043573569856475,0.13280339594246776,0.017632339756096987,1,1.5459972253876082,1.4241992813897781
64,1064,lasso,0.6543398394967381,0.13280339594246776,0.5215364435542704,1,3.628135748583706,0.5674823110995689
64,1064,lasso_logistic,0.18757475711695468,0.13280339594246776,0.054771361174486916,1,3.9016596971580504,1.289772723104291
65,1065,xgboost,0.16899191762793594,0.1530548834841298,0.01593703414380615,1,4.867665985178864,0.5814134327796011
65,1065,lasso,0.6567403656812821,0.1530548834841298,0.5036854821971524,0,3.276913257396062,0.33423231715126317
65,1065,lasso_logistic,0.21030079921916767,0.1530548834841298,0.05724591573503787,0,5.6388695955981785,0.6375240998758742
66,1066,xgboost,0.1720675323552926,0.15829119869459904,0.013776333660693557,1,3.9145189765596244,1.476818248052147
66,1066,lasso,0.6711440080705753,0.15829119869459904,0.5128528093759762,1,5.171316400299048,0.7667212373218916
66,1066,lasso_logistic,0.21783832757631327,0.15829119869459904,0.059547128881714234,0,7.669627312498835,1.401392083615895
67,1067,xgboost,0.1523321765398248,0.1384321720889677,0.013900004450857123,1,3.9817057849435074,0.19705152162532255
67,1067,lasso,0.6569527719411413,0.1384321720889677,0.5185205998521736,1,4.159967690419021,0.08716089411089821
67,1067,lasso_logistic,0.18758025460417732,0.1384321720889677,0.049148082515209635,0,4.876471293667111,0.2778634020799482
68,1068,xgboost,0.13961499620081613,0.13277942259959066,0.00683557360122547,1,3.845935901784725,0.18515234534109812
68,1068,lasso,0.6598577127126777,0.13277942259959066,0.527078290113087,0,2.5997016003240416,0.10584035941038095
68,1068,lasso_logistic,0.20070217846816865,0.13277942259959066,0.06792275586857799,1,4.240292289941282,0.22578764042065524
69,1069,xgboost,0.14393240086685685,0.14032362263445475,0.0036087782324021045,1,2.6196327991312374,0.9563984718158243
69,1069,lasso,0.6572631074960158,0.14032362263445475,0.516939484861561,0,5.501258654558681,0.4202808554417921
69,1069,lasso_logistic,0.19097892918836043,0.14032362263445475,0.05065530655390568,1,4.493286317091961,0.8677057031138552
70,1070,xgboost,0.15202444703285223,0.14359815439768756,0.008426292635164673,1,3.785981041707815,0.3186544475217823
70,1070,lasso,0.6703457654102678,0.14359815439768756,0.5267476110125803,0,3.6640271674467746,0.12483894861149651
70,1070,lasso_logistic,0.20526437906068892,0.14359815439768756,0.06166622466300137,1,4.463106506469844,0.35357285553657125
71,1071,xgboost,0.13341164883707957,0.1256772818817827,0.007734366955296862,0,-4.82238320541681,4.193338493747547
71,1071,lasso,0.6550435448525089,0.1256772818817827,0.5293662629707262,0,8.371586878362166,1.232743431783235
71,1071,lasso_logistic,0.1903823322009144,0.1256772818817827,0.06470505031913171,1,-0.4001373496475873,2.873161045617679
72,1072,xgboost,0.13935758017276734,0.13764424936838016,0.0017133308043871809,0,4.9759147712434375,0.44595152678946104
72,1072,lasso,0.6590665751485258,0.13764424936838016,0.5214223257801457,0,3.3143747184913956,0.26477903772281924
72,1072,lasso_logistic,0.1962587388359755,0.13764424936838016,0.05861448946759534,0,5.364295071199554,0.42791191807875734
73,1073,xgboost,0.18168855697564562,0.17749098682048134,0.004197570155164282,0,6.740112442813043,0.7859918186369641
73,1073,lasso,0.6813588404356307,0.17749098682048134,0.5038678536151493,0,-0.5125183745681793,0.8137193357170096
73,1073,lasso_logistic,0.20975558141679085,0.17749098682048134,0.03226459459630951,0,6.538164937815023,0.8705361541284398
74,1074,xgboost,0.15496798953885108,0.13782933312191845,0.01713865641693263,1,4.332965603147163,0.2362386800998911
74,1074,lasso,0.6510033619702145,0.13782933312191845,0.513174028848296,0,3.563809673768328,0.1435181344698247
74,1074,lasso_logistic,0.17751439128956895,0.13782933312191845,0.0396850581676505,0,5.0441505614453535,0.2832731342379083
75,1075,xgboost,0.16985275350330512,0.15904851784849008,0.010804235654815031,0,3.493639782552917,0.23515115058731936
75,1075,lasso,0.6584155837299558,0.15904851784849008,0.49936706588146573,1,3.8574192044637936,0.12227230925545064
75,1075,lasso_logistic,0.217421898080215,0.15904851784849008,0.05837338023172492,0,4.598392245306836,0.2833901224476021
76,1076,xgboost,0.14429446051345218,0.1305333182323713,0.013761142281080885,0,2.771929499859837,0.3905808235717131
76,1076,lasso,0.657987546738261,0.1305333182323713,0.5274542285058896,0,3.67137524008914,0.1399718492596399
76,1076,lasso_logistic,0.17555170509769613,0.1305333182323713,0.04501838686532483,1,4.239379461958392,0.3588871227433758
77,1077,xgboost,0.14081944368197466,0.13138221535002884,0.009437228331945824,1,3.3149009435790426,0.9282651181819828
77,1077,lasso,0.6638801026529966,0.13138221535002884,0.5324978873029678,0,4.836841832058816,0.3684509991578227
77,1077,lasso_logistic,0.19850820196177044,0.13138221535002884,0.0671259866117416,0,5.5724206028581245,0.7443164780885438
78,1078,xgboost,0.18786258026849006,0.1671676966322594,0.020694883636230677,1,3.9168107428231873,1.233678914040281
78,1078,lasso,0.6527492602888799,0.1671676966322594,0.48558156365662053,1,2.9298482941463595,0.6057256133137314
78,1078,lasso_logistic,0.21686052575984185,0.1671676966322594,0.049692829127582466,1,3.4572170433987606,0.9285836983238671
79,1079,xgboost,0.15079496504733114,0.14783613552707142,0.0029588295202597203,0,3.2826953599570103,0.1964999959623859
79,1079,lasso,0.6774600452781769,0.14783613552707142,0.5296239097511055,0,2.5635800969609996,0.09726278262495736
79,1079,lasso_logistic,0.20467189195484917,0.14783613552707142,0.056835756427777745,1,3.7885395104417015,0.21164163411314685
80,1080,xgboost,0.15886229532796695,0.14513179146310748,0.013730503864859467,1,2.916876328410768,0.5537313242612051
80,1080,lasso,0.6550050888620805,0.14513179146310748,0.509873297398973,0,3.3617025503790625,0.25043675553108635
80,1080,lasso_logistic,0.21171669975400914,0.14513179146310748,0.06658490829090166,0,2.9486477540519838,0.47949282320650405
81,1081,xgboost,0.1382739243864453,0.13642282570202005,0.001851098684425262,0,5.119567116141188,0.26069415854105793
81,1081,lasso,0.6589152487991251,0.13642282570202005,0.5224924230971051,1,3.703207072426698,0.16737239121851324
81,1081,lasso_logistic,0.18225381329856824,0.13642282570202005,0.04583098759654819,0,5.468692024149807,0.29895880833151006
82,1082,xgboost,0.16614948856268785,0.15152472335846362,0.014624765204224233,0,3.385729915629771,0.30593748355129324
82,1082,lasso,0.6519165419450303,0.15152472335846362,0.5003918185865668,1,3.8872253235942886,0.15415663260062706
82,1082,lasso_logistic,0.20444002426504962,0.15152472335846362,0.052915300906586,1,4.219526997310578,0.29563400572538157
83,1083,xgboost,0.1648662564683905,0.1558906637159125,0.008975592752478001,1,3.932373853562558,0.19302075492442478
83,1083,lasso,0.6503789890100425,0.1558906637159125,0.49448832529413,0,3.2792427706240472,0.0886477881275548
83,1083,lasso_logistic,0.21295411891358154,0.1558906637159125,0.05706345519766903,0,4.511504131181074,0.1968405062339889
84,1084,xgboost,0.14537968912998916,0.13702226435855938,0.008357424771429783,1,4.3278096359939315,0.24649489167892213
84,1084,lasso,0.653173935282662,0.13702226435855938,0.5161516709241026,0,2.9322865146447463,0.21352438379990124
84,1084,lasso_logistic,0.1863956829146536,0.13702226435855938,0.04937341855609423,0,4.87180660494456,0.33593821795121265
85,1085,xgboost,0.15673507520408775,0.1411395036698765,0.015595571534211261,0,3.2692352040376558,0.24953793438376914
85,1085,lasso,0.6694535648016562,0.1411395036698765,0.5283140611317797,0,2.9714750292721352,0.11524022912508299
85,1085,lasso_logistic,0.20419385384291194,0.1411395036698765,0.06305435017303546,1,4.216347617686569,0.24151341170531337
86,1086,xgboost,0.16221640397732454,0.15678492321286006,0.00543148076446448,1,4.376759491999752,0.32294159988289617
86,1086,lasso,0.6526958059310322,0.15678492321286006,0.4959108827181721,0,2.7883415235314533,0.25459765113941896
86,1086,lasso_logistic,0.1991540881529487,0.15678492321286006,0.04236916494008863,1,4.818964096542843,0.4297927992474769
87,1087,xgboost,0.16872609520588738,0.15503698420881662,0.013689110997070764,1,4.142181474138758,0.2058288487189767
87,1087,lasso,0.6601628422722489,0.15503698420881662,0.5051258580634322,0,3.1648018061160847,0.09651595954471734
87,1087,lasso_logistic,0.20526493889144162,0.15503698420881662,0.050227954682625,0,4.820328243266192,0.2097612520692509
88,1088,xgboost,0.14118768951488495,0.12599087285002544,0.015196816664859503,1,3.978643553244759,0.16476239564884876
88,1088,lasso,0.6520050372115362,0.12599087285002544,0.5260141643615108,0,4.294517396085843,0.08610534944580113
88,1088,lasso_logistic,0.1872881047395546,0.12599087285002544,0.06129723188952915,0,5.014163500033684,0.2739142705082469
89,1089,xgboost,0.16877272604651342,0.14707027166638603,0.021702454380127384,1,1.5574090092937531,2.119424823871802
89,1089,lasso,0.6517768547911623,0.14707027166638603,0.5047065831247763,0,8.520776463746811,0.7877059728710601
89,1089,lasso_logistic,0.2029379730410108,0.14707027166638603,0.05586770137462477,1,2.6135223091723434,1.7921074885070787
90,1090,xgboost,0.16838771035311045,0.15052905273926917,0.017858657613841283,1,3.9852175579899183,0.19546162100217074
90,1090,lasso,0.6701977528049374,0.15052905273926917,0.5196687000656682,1,4.069121628543413,0.10142766583446984
90,1090,lasso_logistic,0.19721631875083048,0.15052905273926917,0.04668726601156131,0,4.943086376743642,0.24144892049820135
91,1091,xgboost,0.17663249147680024,0.15209587219172485,0.02453661928507539,1,3.9732084019512905,0.5612789520952584
91,1091,lasso,0.6765239682696932,0.15209587219172485,0.5244280960779684,0,2.7864790793444287,0.27576337316793836
91,1091,lasso_logistic,0.2122086756678198,0.15209587219172485,0.06011280347609496,1,4.957674277087823,0.6274107156265543
92,1092,xgboost,0.16444156348020658,0.14264636562186897,0.02179519785833761,1,4.431626485672336,0.2421042980250567
92,1092,lasso,0.663976629016817,0.14264636562186897,0.521330263394948,1,4.079817926297174,0.11879919764924668
92,1092,lasso_logistic,0.19847923051937763,0.14264636562186897,0.05583286489750866,0,5.27772642688629,0.24205720961581412
93,1093,xgboost,0.16755825075599337,0.16112645759042443,0.006431793165568939,1,4.795919323750184,0.45016118843227404
93,1093,lasso,0.6531005287206739,0.16112645759042443,0.4919740711302495,0,3.4212745675164324,0.21689377465639514
93,1093,lasso_logistic,0.21254408050822798,0.16112645759042443,0.05141762291780355,0,5.218142622248111,0.42018485376898257
94,1094,xgboost,0.13712877441034405,0.11738058284610095,0.019748191564243095,1,1.3618614093172936,1.6956365094116188
94,1094,lasso,0.6562793883846428,0.11738058284610095,0.5388988055385419,1,3.6195893768336123,0.46234307391169693
94,1094,lasso_logistic,0.16369180707646852,0.11738058284610095,0.04631122423036757,1,4.105542617811464,1.0702463027534186
95,1095,xgboost,0.1445325587756199,0.1365360501543317,0.0079965086212882,1,3.153793117866166,0.6827763980489939
95,1095,lasso,0.6551851247209568,0.1365360501543317,0.5186490745666251,0,4.934879308860938,0.29946309377741714
95,1095,lasso_logistic,0.2000534722041992,0.1365360501543317,0.06351742204986749,1,5.140038682133553,0.6196673108603299
96,1096,xgboost,0.1538843423210445,0.15227208435148937,0.0016122579695551364,1,3.938159422125462,0.24631128584770284
96,1096,lasso,0.666275842092236,0.15227208435148937,0.5140037577407466,0,3.09086789062477,0.15343272922304685
96,1096,lasso_logistic,0.19642868517577627,0.15227208435148937,0.04415660082428691,0,4.608931003349028,0.2707062042459303
97,1097,xgboost,0.16443261729187647,0.1509098846243797,0.013522732667496762,1,3.775922794017074,0.19522456672391764
97,1097,lasso,0.6653954494918121,0.1509098846243797,0.5144855648674324,0,3.611775149594875,0.09513434475808433
97,1097,lasso_logistic,0.21206603039301955,0.1509098846243797,0.06115614576863984,0,4.7442850238786445,0.22037834208331494
98,1098,xgboost,0.15577411390679546,0.14628008097696454,0.00949403292983092,0,2.391144996543784,0.6977998648598439
98,1098,lasso,0.6691425025010164,0.14628008097696454,0.5228624215240518,0,3.3613782553074008,0.23338430073687755
98,1098,lasso_logistic,0.2005278295820883,0.14628008097696454,0.05424774860512377,1,3.6132702718487404,0.5321306010535435
99,1099,xgboost,0.16333682540224106,0.15309751918088205,0.010239306221359018,1,4.669456606763703,1.6758448940798534
99,1099,lasso,0.668003897378592,0.15309751918088205,0.5149063781977099,1,4.143551792021629,0.920245974908749
99,1099,lasso_logistic,0.2092964810841947,0.15309751918088205,0.056198961903312666,1,5.771699669442609,1.5511550137989334
100,1100,xgboost,0.15149188921090365,0.1480467987445638,0.0034450904663398396,1,4.241359092797452,0.40040859541109725
100,1100,lasso,0.667797287767217,0.1480467987445638,0.5197504890226532,0,3.212324244777454,0.17728910209235993
100,1100,lasso_logistic,0.18676112340577944,0.1480467987445638,0.03871432466121563,0,4.860829318624885,0.3728558253399167
101,1101,xgboost,0.1322309221627659,0.12229237688848398,0.009938545274281937,1,4.42885745151147,1.143404424881424
101,1101,lasso,0.6505556722929674,0.12229237688848398,0.5282632954044835,1,3.3809717498443153,0.4864959757705543
101,1101,lasso_logistic,0.17568543313291507,0.12229237688848398,0.053393056244431095,1,5.672437293024009,0.8732109185747584
102,1102,xgboost,0.19288042119493753,0.17668825856568404,0.016192162629253493,1,4.0437146977723115,0.5824913250102862
102,1102,lasso,0.6660402358696983,0.17668825856568404,0.48935197730401425,0,5.184593076207057,0.31805885780166254
102,1102,lasso_logistic,0.22774026011944667,0.17668825856568404,0.05105200155376263,1,4.831634912822673,0.5506735318596676
103,1103,xgboost,0.1356595093904698,0.12662149287266689,0.009038016517802921,1,4.050320749947714,0.9660893992378309
103,1103,lasso,0.6611098604267104,0.12662149287266689,0.5344883675540435,0,5.367639062561263,0.4016961963228513
103,1103,lasso_logistic,0.18384069029883102,0.12662149287266689,0.05721919742616413,0,6.525365063658356,0.8101981802168559
104,1104,xgboost,0.16104694806067227,0.15103130965120048,0.010015638409471783,1,3.380592533424097,0.4052385218413362
104,1104,lasso,0.6567278805707958,0.15103130965120048,0.5056965709195953,1,3.787686137217199,0.21520578699891246
104,1104,lasso_logistic,0.1988373982213773,0.15103130965120048,0.04780608857017682,1,4.022353540675274,0.5155606341697956
105,1105,xgboost,0.14836013115464855,0.13178284242877508,0.016577288725873468,0,0.5268021919019606,1.5587101271439776
105,1105,lasso,0.6619406535003292,0.13178284242877508,0.5301578110715541,0,2.8647459969114437,0.49150886738876076
105,1105,lasso_logistic,0.19242172968473004,0.13178284242877508,0.060638887255954954,1,2.442176771457318,1.0293314831211529
106,1106,xgboost,0.12808071243670735,0.12396942499615361,0.0041112874405537375,1,3.2318143173592664,0.4461438692887822
106,1106,lasso,0.667385808545089,0.12396942499615361,0.5434163835489354,1,3.833653355503082,0.16768436215630125
106,1106,lasso_logistic,0.1839101014048693,0.12396942499615361,0.059940676408715685,1,4.580641599608597,0.3641336288635375
107,1107,xgboost,0.16293075242372912,0.15602834924855727,0.006902403175171851,1,3.5999091143111763,0.32244704331609386
107,1107,lasso,0.6653536037470168,0.15602834924855727,0.5093252544984596,1,3.780697023621506,0.15917601576136806
107,1107,lasso_logistic,0.20193829011110456,0.15602834924855727,0.045909940862547294,0,4.752791813180829,0.3324561462861465
108,1108,xgboost,0.1437914002207077,0.12984005152308487,0.013951348697622823,1,4.173570743570244,0.18174237395243834
108,1108,lasso,0.6440743727532613,0.12984005152308487,0.5142343212301764,1,3.922063243621831,0.08670341238695316
108,1108,lasso_logistic,0.17951145154638726,0.12984005152308487,0.04967140002330239,0,4.926750750568639,0.2285113009866555
109,1109,xgboost,0.1360190032988797,0.12322892120386114,0.012790082095018557,1,3.360479109695282,1.701892480805074
109,1109,lasso,0.6548257838197608,0.12322892120386114,0.5315968626158996,0,8.009109196230442,0.8076288734550545
109,1109,lasso_logistic,0.1814148313343202,0.12322892120386114,0.05818591013045907,1,5.5437951419612554,1.7157301464639811
110,1110,xgboost,0.15110009987232645,0.14036825346394144,0.01073184640838501,1,4.022278702575384,0.26827828816300775
110,1110,lasso,0.6563734353847026,0.14036825346394144,0.5160051819207612,1,3.8412151798058622,0.15299340344066786
110,1110,lasso_logistic,0.18289633444601935,0.14036825346394144,0.042528080982077915,0,4.806291828565095,0.3514900951102905
111,1111,xgboost,0.12786813053269014,0.12221149513418136,0.005656635398508775,1,3.515603807155457,0.252983898626067
111,1111,lasso,0.6541774480097602,0.12221149513418136,0.5319659528755788,0,3.357458513805777,0.10442174495281974
111,1111,lasso_logistic,0.18040760540709394,0.12221149513418136,0.05819611027291258,0,4.958038252423301,0.24814559111802512
112,1112,xgboost,0.14392819208281188,0.12823358513565375,0.01569460694715813,1,5.396831932333827,0.7915545352124623
112,1112,lasso,0.6562614201082287,0.12823358513565375,0.528027834972575,0,1.9698095849681139,0.5737696718490148
112,1112,lasso_logistic,0.2000220493346265,0.12823358513565375,0.07178846419897275,0,6.130138348088003,0.8387578434837062
113,1113,xgboost,0.1304469539087225,0.1251700280235499,0.00527692588517259,1,3.636106589018291,0.3594048439390881
113,1113,lasso,0.649150032376548,0.1251700280235499,0.5239800043529981,0,3.5569562071752605,0.18341372183572663
113,1113,lasso_logistic,0.18514832082102248,0.1251700280235499,0.05997829279747258,1,4.368489181037998,0.36232850560134283
114,1114,xgboost,0.1953615886905449,0.17107949324198563,0.024282095448559277,0,2.8178623048622633,0.2897438249283516
114,1114,lasso,0.6685546150484011,0.17107949324198563,0.49747512180641545,0,3.0074038011426514,0.1756243067948463
114,1114,lasso_logistic,0.22156421578241703,0.17107949324198563,0.050484722540431404,1,3.8594618826595686,0.30200660656581213
115,1115,xgboost,0.12353087188062993,0.11794263863720558,0.005588233243424348,1,3.2059523683894895,1.3645435429930015
115,1115,lasso,0.6495822747631664,0.11794263863720558,0.5316396361259609,1,4.185409577513149,0.4463220794421428
115,1115,lasso_logistic,0.16619448801840375,0.11794263863720558,0.04825184938119817,0,6.133092800582783,0.8593158341303085
116,1116,xgboost,0.15854599742636874,0.1503316584250397,0.008214339001329035,0,2.3273049864650526,0.7216181709741247
116,1116,lasso,0.6523692225831683,0.1503316584250397,0.5020375641581286,0,2.478210097801741,0.25223892889470023
116,1116,lasso_logistic,0.2098351482689253,0.1503316584250397,0.05950348984388559,1,3.2631281843528255,0.5003778072503787
117,1117,xgboost,0.14084295360811155,0.13328328056158778,0.007559673046523774,0,-2.7233185465168517,1.8165803680095736
117,1117,lasso,0.661070730296729,0.13328328056158778,0.5277874497351412,1,3.4449319904536693,0.6634203571097783
117,1117,lasso_logistic,0.187861896598594,0.13328328056158778,0.05457861603700623,1,1.5845887732754107,1.395095085918917
118,1118,xgboost,0.11720150487962643,0.113108904150816,0.0040926007288104305,0,2.8286327218487712,0.4428363720762791
118,1118,lasso,0.6377647572188576,0.113108904150816,0.5246558530680416,0,2.3742585985077205,0.17551898779222458
118,1118,lasso_logistic,0.15648687994856586,0.113108904150816,0.043377975797749865,1,3.311712149974038,0.4276454690661488
119,1119,xgboost,0.15232775276814614,0.147914744407281,0.004413008360865139,1,3.6589145424565555,0.2877367700421454
119,1119,lasso,0.6551426755182006,0.147914744407281,0.5072279311109196,0,3.2802235821492793,0.138685498929433
119,1119,lasso_logistic,0.21714412888549328,0.147914744407281,0.06922938447821228,1,4.5216975941938236,0.27431953022189676
120,1120,xgboost,0.16270640297137465,0.15897208743975919,0.003734315531615462,1,4.415293679508914,0.24695930053475842
120,1120,lasso,0.6572689338669744,0.15897208743975919,0.49829684642721517,0,3.64442947734376,0.131301961340306
120,1120,lasso_logistic,0.21013035206137146,0.15897208743975919,0.05115826462161227,0,5.212114867646932,0.23611025202001057
121,1121,xgboost,0.14697836112971968,0.14754550326667534,-0.0005671421369556617,1,4.062454932033451,0.2711139283824568
121,1121,lasso,0.6721963649454734,0.14754550326667534,0.524650861678798,0,3.5088729022728304,0.12082984092435653
121,1121,lasso_logistic,0.19702972886463033,0.14754550326667534,0.049484225597954984,1,4.5424616533625715,0.28806501385600247
122,1122,xgboost,0.12626781798449585,0.11726871276378698,0.008999105220708875,0,2.7428018731151007,0.5173354272873916
122,1122,lasso,0.6520333018804064,0.11726871276378698,0.5347645891166195,0,2.9624086148260904,0.20490939508139125
122,1122,lasso_logistic,0.18224553308993904,0.11726871276378698,0.06497682032615207,1,4.148479887284561,0.44106186722716056
123,1123,xgboost,0.14563875975438903,0.12883258383273027,0.016806175921658756,0,3.182192731944156,0.24038970434904217
123,1123,lasso,0.6679816020630921,0.12883258383273027,0.5391490182303618,0,2.722537959585677,0.10589296387961983
123,1123,lasso_logistic,0.19192615286221476,0.12883258383273027,0.06309356902948449,1,4.137810347365182,0.24360008947240278
124,1124,xgboost,0.13582476002118482,0.13180851529476376,0.004016244726421064,1,4.4950599124387915,0.2956627333464128
124,1124,lasso,0.6642794007011569,0.13180851529476376,0.5324708854063931,0,3.594906227336481,0.1656180237275859
124,1124,lasso_logistic,0.18808379504402034,0.13180851529476376,0.056275279749256585,0,5.913661574619048,0.300772042423851
125,1125,xgboost,0.1519436145037483,0.14366500220130007,0.008278612302448224,1,3.7408926614418587,0.2377498796531021
125,1125,lasso,0.653971630801582,0.14366500220130007,0.510306628600282,0,3.7450129523459648,0.12132484590434814
125,1125,lasso_logistic,0.1938395188905284,0.14366500220130007,0.050174516689228316,0,4.7883144960215445,0.26884198366471357
126,1126,xgboost,0.17514030267862102,0.16575083081528097,0.009389471863340049,0,5.565754006150392,0.5744270929360591
126,1126,lasso,0.6544443972256382,0.16575083081528097,0.4886935664103572,0,2.677527821608729,0.42345621865968996
126,1126,lasso_logistic,0.21674059597636258,0.16575083081528097,0.05098976516108161,0,5.297807382501814,0.569948879092872
127,1127,xgboost,0.174784240377252,0.147188527463138,0.027595712914113973,1,4.4137280418334015,0.5580093022766329
127,1127,lasso,0.6462471797593088,0.147188527463138,0.49905865229617075,0,4.496382880699934,0.1943860827550757
127,1127,lasso_logistic,0.21430718278150931,0.147188527463138,0.0671186553183713,0,4.931097854310084,0.4554952300161885
128,1128,xgboost,0.16101555295801237,0.1579591594890888,0.0030563934689235572,1,3.9280788722793263,0.5495192211631673
128,1128,lasso,0.667351716618939,0.1579591594890888,0.5093925571298502,1,4.022339096816362,0.20751085922558307
128,1128,lasso_logistic,0.21523445780086775,0.1579591594890888,0.05727529831177894,1,4.6793555704657415,0.42088956293054347
129,1129,xgboost,0.15292982282241516,0.14476179147841253,0.008168031344002624,1,3.224511879184702,0.6315260983843126
129,1129,lasso,0.6541431899712772,0.14476179147841253,0.5093813984928647,1,3.9324969874558433,0.34411271064303994
129,1129,lasso_logistic,0.20585803114481724,0.14476179147841253,0.061096239666404706,0,2.686599926686294,0.5841068648040529
130,1130,xgboost,0.13648330784917476,0.1288388141396887,0.0076444937094860554,1,2.8786097360849783,0.7112187754899193
130,1130,lasso,0.6579735401235746,0.1288388141396887,0.5291347259838859,1,3.522856154180829,0.28201887183436863
130,1130,lasso_logistic,0.1846415959201857,0.1288388141396887,0.055802781780496996,1,4.734369328202737,0.5836297995230398
131,1131,xgboost,0.15989697514095133,0.13902129211689118,0.02087568302406015,1,4.008250996310779,0.17379684375760412
131,1131,lasso,0.6613570014944995,0.13902129211689118,0.5223357093776083,1,3.939606982446579,0.0861041544609556
131,1131,lasso_logistic,0.18264846340680688,0.13902129211689118,0.043627171289915695,0,4.992023246856191,0.24415405107186064
132,1132,xgboost,0.18398652543787603,0.17059803723552922,0.01338848820234681,1,3.1195723079651403,0.4617366933168723
132,1132,lasso,0.6726215565443303,0.17059803723552922,0.5020235193088011,0,2.7794048026863383,0.1806079577773071
132,1132,lasso_logistic,0.2363534035311848,0.17059803723552922,0.06575536629565559,1,3.588464995832328,0.33654363636024665
133,1133,xgboost,0.12988284148300822,0.1166511101430458,0.013231731339962416,1,4.239367332597274,0.21648445302654168
133,1133,lasso,0.6555456316344205,0.1166511101430458,0.5388945214913747,1,3.911176279456247,0.08854262085015957
133,1133,lasso_logistic,0.1704338755205407,0.1166511101430458,0.05378276537749491,0,5.101134666590398,0.23687641818635644
134,1134,xgboost,0.13093046711127754,0.12376762001035749,0.00716284710092005,0,5.24964149799433,0.4169194279420065
134,1134,lasso,0.659211544430305,0.12376762001035749,0.5354439244199476,0,4.688908310398252,0.21472710254051694
134,1134,lasso_logistic,0.17929236567937423,0.12376762001035749,0.055524745669016745,0,5.948802516109117,0.42613541280674394
135,1135,xgboost,0.13648005695945414,0.12307994641939522,0.013400110540058921,1,4.176434504093078,0.7626680145654202
135,1135,lasso,0.6546893988960576,0.12307994641939522,0.5316094524766624,1,4.42679922727572,0.3551681860922596
135,1135,lasso_logistic,0.18429322307289617,0.12307994641939522,0.061213276653500945,1,4.707877586768823,0.7788784681800943
136,1136,xgboost,0.1254821224456315,0.11379335909587539,0.011688763349756118,1,4.311335627928901,0.410969906665808
136,1136,lasso,0.6522236781357379,0.11379335909587539,0.5384303190398625,0,3.542020162957916,0.1582215514500764
136,1136,lasso_logistic,0.17754036426638736,0.11379335909587539,0.06374700517051198,0,5.458094349463137,0.3345008721973084
137,1137,xgboost,0.12439660406194997,0.12078602489611581,0.0036105791658341546,1,3.7549277424644334,0.7178305917957535
137,1137,lasso,0.6624271609120945,0.12078602489611581,0.5416411360159787,0,2.681991432219349,0.30718501030597
137,1137,lasso_logistic,0.16328480506752147,0.12078602489611581,0.04249878017140565,1,3.7805247326236517,0.6264170607062695
138,1138,xgboost,0.1315809062683775,0.11707348384417102,0.014507422424206495,1,2.7282483791238414,1.0993667997075793
138,1138,lasso,0.653509874456842,0.11707348384417102,0.536436390612671,0,6.93628098224689,0.4140717051080626
138,1138,lasso_logistic,0.18710448457721027,0.11707348384417102,0.07003100073303925,1,5.333414432692111,0.8919853279759846
139,1139,xgboost,0.14822982688355416,0.1353962720166409,0.01283355486691326,1,3.3407505441590435,0.6550727469793044
139,1139,lasso,0.6580588845882938,0.1353962720166409,0.5226626125716529,0,3.3207047745554648,0.232498297224204
139,1139,lasso_logistic,0.1844666851777112,0.1353962720166409,0.0490704131610703,1,4.691797250210616,0.5159072456155941
140,1140,xgboost,0.13086710358177187,0.12554865279437372,0.005318450787398149,1,4.408650951956085,0.235878669255544
140,1140,lasso,0.6536213334654011,0.12554865279437372,0.5280726806710274,0,2.750953566778561,0.21961092867081464
140,1140,lasso_logistic,0.18135743045104294,0.12554865279437372,0.05580877765666922,0,4.983651310588281,0.3470735254439865
141,1141,xgboost,0.1674813450420226,0.15446606947105895,0.013015275570963658,1,3.664389447503889,0.364376785309474
141,1141,lasso,0.6690776087464358,0.15446606947105895,0.514611539275377,0,3.4872684774873486,0.19045753505462928
141,1141,lasso_logistic,0.20847055930681638,0.15446606947105895,0.054004489835757424,0,4.898912602149609,0.3754953900007712
142,1142,xgboost,0.14798981277371134,0.1397917949849224,0.008198017788788953,1,3.967749346646005,0.359384359805654
142,1142,lasso,0.6541314572700866,0.1397917949849224,0.5143396622851641,1,3.726319888354319,0.15215320167460014
142,1142,lasso_logistic,0.1780051700557678,0.1397917949849224,0.03821337507084541,0,5.0808112111215005,0.3366540522337078
143,1143,xgboost,0.1768499986063156,0.1738865342083604,0.0029634643979551956,1,4.237776968661017,0.5294078591161625
143,1143,lasso,0.6756422496892154,0.1738865342083604,0.501755715480855,0,4.866782498982133,0.29087657087708074
143,1143,lasso_logistic,0.22487899863601257,0.1738865342083604,0.05099246442765218,1,4.6635681304711545,0.5625316268239688
144,1144,xgboost,0.11661245040428182,0.1121486424128586,0.0044638079914232215,1,2.9958618753173942,0.7377545770820663
144,1144,lasso,0.6467732428614303,0.1121486424128586,0.5346246004485717,1,4.001745082954592,0.2004519085328756
144,1144,lasso_logistic,0.17420384374106768,0.1121486424128586,0.062055201328209075,1,4.438440009353358,0.5982656665608338
145,1145,xgboost,0.1427985911822794,0.12649419829580963,0.01630439288646976,1,3.994405750607121,0.47135082092262337
145,1145,lasso,0.6618289950313715,0.12649419829580963,0.5353347967355618,1,3.735982626788346,0.17770618659135953
145,1145,lasso_logistic,0.19733566612652337,0.12649419829580963,0.07084146783071374,0,5.380956925078544,0.3800038038192694
146,1146,xgboost,0.12842892654509871,0.11356519501313729,0.014863731531961424,0,3.2687145126821133,0.3648468400015827
146,1146,lasso,0.656854359387083,0.11356519501313729,0.5432891643739457,0,3.694991540743496,0.12738274724896692
146,1146,lasso_logistic,0.1622271978252153,0.11356519501313729,0.04866200281207801,1,4.681774335465993,0.3496676752675208
147,1147,xgboost,0.14315796155280036,0.12575400021556907,0.017403961337231294,0,7.921599804049184,0.8201598006529849
147,1147,lasso,0.6524578902711564,0.12575400021556907,0.5267038900555874,0,-2.985120778765875,1.032607303769856
147,1147,lasso_logistic,0.18102075286320407,0.12575400021556907,0.055266752647635004,1,5.414130521554282,1.5710859709871796
148,1148,xgboost,0.13292759957020292,0.12909339862969824,0.003834200940504684,0,5.467656742565863,0.4416103551746654
148,1148,lasso,0.6474019224609369,0.12909339862969824,0.5183085238312386,0,3.2927401570180015,0.2376042235211842
148,1148,lasso_logistic,0.17853829061973325,0.12909339862969824,0.04944489199003502,0,6.061598768775409,0.3602869424218951
149,1149,xgboost,0.13778867499761796,0.12992473655974815,0.00786393843786981,1,4.398708824196655,0.3353452654754245
149,1149,lasso,0.6548394835119726,0.12992473655974815,0.5249147469522245,0,3.4587352417900066,0.25217951766374747
149,1149,lasso_logistic,0.1648223585813584,0.12992473655974815,0.03489762202161026,0,5.092188377055928,0.5157006770657501
150,1150,xgboost,0.16096586661307066,0.14565576532482336,0.015310101288247308,1,3.9512674724356334,0.20453989032119202
150,1150,lasso,0.6540383322066019,0.14565576532482336,0.5083825668817785,0,3.5240993706461756,0.10349925658005119
150,1150,lasso_logistic,0.22273180914376836,0.14565576532482336,0.077076043818945,0,4.679353422447536,0.24996414055358965
151,1151,xgboost,0.16515713531086812,0.15414916015629593,0.011007975154572192,0,4.52840093513079,0.25354731810626807
151,1151,lasso,0.6560548381100276,0.15414916015629593,0.5019056779537316,0,3.683890750601448,0.16042169036979392
151,1151,lasso_logistic,0.21375724253347209,0.15414916015629593,0.05960808237717616,0,5.329710168698904,0.3097368004146707
152,1152,xgboost,0.13967512782846628,0.13020554636843046,0.00946958146003582,1,4.121654553112007,0.24863400832206703
152,1152,lasso,0.6534418689996409,0.13020554636843046,0.5232363226312104,0,3.689913783822859,0.12025797453277967
152,1152,lasso_logistic,0.1875761627463426,0.13020554636843046,0.05737061637791213,0,5.158952110448073,0.2479573695856913
153,1153,xgboost,0.15528662849813485,0.14709601498894811,0.008190613509186734,1,3.724337678348075,0.3727338226489985
153,1153,lasso,0.6638182990397904,0.14709601498894811,0.5167222840508423,1,3.79827407974077,0.1670461512616766
153,1153,lasso_logistic,0.22188958030033212,0.14709601498894811,0.07479356531138401,1,4.514523900925766,0.3042080606299502
154,1154,xgboost,0.14960117699861208,0.13847273223889042,0.011128444759721662,0,5.0955391794590374,0.5067223793462357
154,1154,lasso,0.6492648160415608,0.13847273223889042,0.5107920838026704,0,5.681887468405159,0.27048095303548675
154,1154,lasso_logistic,0.18818100000681423,0.13847273223889042,0.04970826776792381,0,6.361690408340653,0.5405297795382612
155,1155,xgboost,0.15166270646614508,0.14366614729911686,0.007996559167028211,1,2.3576356486190124,1.138677513670331
155,1155,lasso,0.66199911273224,0.14366614729911686,0.5183329654331231,1,4.044159924227064,0.536281348567923
155,1155,lasso_logistic,0.21457868983063463,0.14366614729911686,0.07091254253151777,1,4.6473011577171786,0.9697602406971108
156,1156,xgboost,0.16482433068130872,0.14612570880944334,0.018698621871865384,1,4.769435929443988,0.6174632946192888
156,1156,lasso,0.6567627774488835,0.14612570880944334,0.5106370686394401,0,4.727987789482181,0.26483621132209795
156,1156,lasso_logistic,0.21790573143012562,0.14612570880944334,0.07178002262068228,0,5.62002533554542,0.5144594354710121
157,1157,xgboost,0.15854140266740804,0.14351301147650944,0.015028391190898605,1,1.6015341823823583,1.234659191241071
157,1157,lasso,0.6556721236387189,0.14351301147650944,0.5121591121622094,0,2.8833330793447516,0.47980694932325885
157,1157,lasso_logistic,0.20463865793451158,0.14351301147650944,0.06112564645800214,1,3.9495892447423833,0.967132596685427
158,1158,xgboost,0.14775815306574983,0.127525856964484,0.020232296101265812,1,3.9099596055212023,0.23535814833363317
158,1158,lasso,0.6523579314699627,0.127525856964484,0.5248320745054786,0,3.7899911710308065,0.09372837904664097
158,1158,lasso_logistic,0.19065848858664092,0.127525856964484,0.0631326316221569,0,4.956434894675349,0.21934598614721745
159,1159,xgboost,0.13827112405078487,0.1295933537927446,0.008677770258040285,1,4.168342560816904,0.2015571470110603
159,1159,lasso,0.660079627213974,0.1295933537927446,0.5304862734212293,0,3.6266039695206387,0.10725445984832353
159,1159,lasso_logistic,0.20724481072568324,0.1295933537927446,0.07765145693293865,0,4.970204342954361,0.22648299956764992
160,1160,xgboost,0.13897424026058502,0.1308854631760818,0.00808877708450323,1,4.295349123271547,0.21489077675093274
160,1160,lasso,0.6556804057955371,0.1308854631760818,0.5247949426194554,1,3.958760989589196,0.13952117545326964
160,1160,lasso_logistic,0.1926549128926802,0.1308854631760818,0.061769449716598396,0,4.983268139807144,0.29284827782243644
161,1161,xgboost,0.15532058237861943,0.14890848811861013,0.006412094260009299,1,4.047357753216457,0.19200398821419823
161,1161,lasso,0.6639794595736062,0.14890848811861013,0.515070971454996,0,3.7035795549515336,0.09023478658312917
161,1161,lasso_logistic,0.20367740361935116,0.14890848811861013,0.05476891550074103,0,4.802826865165235,0.21929968924963333
162,1162,xgboost,0.14067142370805347,0.13720137428290782,0.0034700494251456437,1,3.795481388560996,0.21252964431846239
162,1162,lasso,0.6598559200929749,0.13720137428290782,0.5226545458100671,0,3.7725657201441845,0.10633046277391969
162,1162,lasso_logistic,0.1870572596164079,0.13720137428290782,0.04985588533350008,0,4.869503780139551,0.2582051238093005
163,1163,xgboost,0.11528264833180932,0.11053048304042293,0.00475216529138639,1,3.7936087347830836,0.31246603987076577
163,1163,lasso,0.658083621255281,0.11053048304042293,0.5475531382148581,0,4.468810929809124,0.1352921798143931
163,1163,lasso_logistic,0.16695169217118097,0.11053048304042293,0.05642120913075804,0,5.1803731472620225,0.295552313457449
164,1164,xgboost,0.12957416399579144,0.12257884334140545,0.006995320654385989,1,4.03805585975282,0.3683764080345324
164,1164,lasso,0.6550424006329535,0.12257884334140545,0.532463557291548,1,3.9882323065600382,0.19244351078595454
164,1164,lasso_logistic,0.17290560789647572,0.12257884334140545,0.050326764555070264,0,5.280085991436277,0.3874352648565498
165,1165,xgboost,0.16371055412404428,0.16081667218582904,0.0028938819382152425,0,5.59415693910118,0.5561279441263942
165,1165,lasso,0.6702678006208438,0.16081667218582904,0.5094511284350147,1,4.445175031604885,0.29310287768808996
165,1165,lasso_logistic,0.1897150325337136,0.16081667218582904,0.028898360347884566,0,6.118852508443525,0.5598462359125146
166,1166,xgboost,0.17000826837725352,0.16123180838428844,0.008776459992965085,0,3.039121477414122,0.46034421026247396
166,1166,lasso,0.6651046398879907,0.16123180838428844,0.5038728315037023,0,2.3003283117039133,0.21695592401255953
166,1166,lasso_logistic,0.21463204890442128,0.16123180838428844,0.05340024052013284,1,3.404153804882884,0.4001624161731948
167,1167,xgboost,0.13743196353023324,0.12913342630377714,0.008298537226456099,1,4.335055528997385,0.5559273449602495
167,1167,lasso,0.6470302550167222,0.12913342630377714,0.5178968287129451,1,4.227254239732587,0.20605730178583245
167,1167,lasso_logistic,0.18038601984751867,0.12913342630377714,0.05125259354374154,0,5.297144067368087,0.5597385349223322
168,1168,xgboost,0.1477057297158282,0.14066584703918245,0.0070398826766457645,1,3.3668929088841426,0.4318091473920838
168,1168,lasso,0.6490925892479465,0.14066584703918245,0.508426742208764,0,5.243030381367389,0.2264311358794487
168,1168,lasso_logistic,0.19526825954477844,0.14066584703918245,0.054602412505596,1,4.303021968146274,0.4029133238301155
169,1169,xgboost,0.14704370692074714,0.14290886550020565,0.004134841420541491,1,3.4051861751689443,0.38405706155192754
169,1169,lasso,0.6445382248517814,0.14290886550020565,0.5016293593515757,0,2.738659231557876,0.17214589973904493
169,1169,lasso_logistic,0.2081938625298114,0.14290886550020565,0.06528499702960575,1,3.660165539083991,0.3259576548506575
170,1170,xgboost,0.12156981403369937,0.12551360762699965,-0.003943793593300271,1,4.106872821692072,0.25082861434849835
170,1170,lasso,0.6612477600178017,0.12551360762699965,0.5357341523908021,1,3.8880180948088388,0.10458933296350625
170,1170,lasso_logistic,0.17764485031245167,0.12551360762699965,0.05213124268545202,0,4.824375570264151,0.29793341953057845
171,1171,xgboost,0.16968532111672666,0.1534948793641243,0.01619044175260237,1,4.466036457291628,0.24670305955274419
171,1171,lasso,0.6675184465040299,0.1534948793641243,0.5140235671399056,1,3.831887376536967,0.15205571091335848
171,1171,lasso_logistic,0.2068690510930247,0.1534948793641243,0.05337417172890041,0,5.0778699873650766,0.2788818156608665
172,1172,xgboost,0.1495574158051539,0.14884406909713302,0.0007133467080208677,1,1.3226322519567106,1.4718112085713104
172,1172,lasso,0.6596529861669077,0.14884406909713302,0.5108089170697747,1,4.268132549403318,0.3971031085507299
172,1172,lasso_logistic,0.19290594881106646,0.14884406909713302,0.04406187971393344,1,3.2963863408523952,1.0427171949843992
173,1173,xgboost,0.14454679543442067,0.1358467039533186,0.008700091481102068,1,3.562468370328383,0.4214234924170338
173,1173,lasso,0.663455514227354,0.1358467039533186,0.5276088102740355,0,2.7814956711995085,0.20987874487273658
173,1173,lasso_logistic,0.19605958815149355,0.1358467039533186,0.06021288419817494,1,3.6743285199369766,0.4466700643285931
174,1174,xgboost,0.16461217287932034,0.1570757513809913,0.007536421498329032,1,4.047509163735855,0.19339847669823934
174,1174,lasso,0.6647954619399739,0.1570757513809913,0.5077197105589826,0,2.9380785660792834,0.09861615948534297
174,1174,lasso_logistic,0.21355585841658192,0.1570757513809913,0.056480107035590615,1,4.4096211078560525,0.2159139433177466
175,1175,xgboost,0.14402649403157478,0.13021454980496183,0.013811944226612943,1,5.176331261922286,0.7413283682223785
175,1175,lasso,0.6548158684025488,0.13021454980496183,0.524601318597587,0,0.7725496890614109,0.6148829532190266
175,1175,lasso_logistic,0.1788422309114534,0.13021454980496183,0.04862768110649157,1,5.433472067362022,0.9371115124834808
176,1176,xgboost,0.15138238433118703,0.1358597593607861,0.015522624970400939,1,4.584902783136421,0.8641118994621199
176,1176,lasso,0.6565985219019478,0.1358597593607861,0.5207387625411617,0,1.1818333181136393,0.6325848921790648
176,1176,lasso_logistic,0.19538558661441205,0.1358597593607861,0.05952582725362596,1,5.095848898440904,1.0251183960882062
177,1177,xgboost,0.16900592061759132,0.1628381023645252,0.006167818253066115,0,4.370203681436664,0.17364226201817082
177,1177,lasso,0.6696224593068085,0.1628381023645252,0.5067843569422833,1,3.932910981616541,0.1077141567384533
177,1177,lasso_logistic,0.21644451420731675,0.1628381023645252,0.05360641184279155,0,4.951449612804751,0.2758225573959921
178,1178,xgboost,0.16123342755434228,0.14695276589572334,0.014280661658618937,0,4.874201614207312,0.41104026498623314
178,1178,lasso,0.6535959867198106,0.14695276589572334,0.5066432208240872,1,3.475713833864348,0.27672308285189207
178,1178,lasso_logistic,0.19874866134774918,0.14695276589572334,0.05179589545202584,0,5.383724927622086,0.40239103965300865
179,1179,xgboost,0.14874768487411552,0.141244399393097,0.007503285481018529,0,6.736186691843358,1.0083692348955051
179,1179,lasso,0.6408838668450101,0.141244399393097,0.4996394674519131,1,2.9062577072668683,0.7024504359852926
179,1179,lasso_logistic,0.18887619386346746,0.141244399393097,0.04763179447037047,0,7.890608456359497,0.8366334474633614
180,1180,xgboost,0.14489705708488365,0.1408934422456309,0.004003614839252739,1,3.751882280915578,0.5372046156210917
180,1180,lasso,0.6639185906739529,0.1408934422456309,0.5230251484283219,1,4.119428214086308,0.29903114305696393
180,1180,lasso_logistic,0.18865131417029443,0.1408934422456309,0.04775787192466352,1,4.444858628497312,0.5600629977506143
181,1181,xgboost,0.19567327869603307,0.17786822594756335,0.01780505274846972,0,3.3687600544517378,0.20147121302721266
181,1181,lasso,0.6657333705379737,0.17786822594756335,0.4878651445904103,0,3.041980768029478,0.09852047958778504
181,1181,lasso_logistic,0.22823821932426624,0.17786822594756335,0.05036999337670289,1,3.973626552264311,0.20284277768103604
182,1182,xgboost,0.13966060500867078,0.1274660509773825,0.012194554031288274,1,3.9391614893939626,0.22872714190264723
182,1182,lasso,0.6435525200753962,0.1274660509773825,0.5160864690980137,1,4.068901037717217,0.14514431507454742
182,1182,lasso_logistic,0.18824934177155708,0.1274660509773825,0.06078329079417458,0,4.935876809867504,0.27653132241653094
183,1183,xgboost,0.1481925298432995,0.12786419277071295,0.02032833707258655,0,2.6224705889871887,0.41486733928521236
183,1183,lasso,0.6451264887898922,0.12786419277071295,0.5172622960191793,0,2.5563304442041126,0.19418683833269673
183,1183,lasso_logistic,0.19796679999506725,0.12786419277071295,0.0701026072243543,1,3.4964451964566248,0.36730009084513787
184,1184,xgboost,0.13831073127981158,0.1405377690696162,-0.0022270377898046256,1,4.638589098062703,0.9110825897966467
184,1184,lasso,0.6460447470870728,0.1405377690696162,0.5055069780174566,1,3.5049921267704622,0.453605443347633
184,1184,lasso_logistic,0.1962624689926802,0.1405377690696162,0.055724699923064,1,4.96511507167547,0.7463426142509599
185,1185,xgboost,0.16152607778623534,0.14997996940962674,0.011546108376608605,1,3.928646694842415,0.24675334682878158
185,1185,lasso,0.6488202262026064,0.14997996940962674,0.4988402567929796,0,2.8199833783419566,0.11460054656940931
185,1185,lasso_logistic,0.21039974294067035,0.14997996940962674,0.06041977353104361,1,4.355234603987665,0.24065321573098905
186,1186,xgboost,0.14700741308957133,0.13357466422542208,0.013432748864149247,1,4.20508811786888,0.19675603286977014
186,1186,lasso,0.6532757745268557,0.13357466422542208,0.5197011103014336,0,3.3014049187662344,0.1403816618079201
186,1186,lasso_logistic,0.18284393008436184,0.13357466422542208,0.04926926585893976,0,4.9779362442587605,0.2745230302356616
187,1187,xgboost,0.16455720977303376,0.15113897365569734,0.013418236117336418,1,4.354801869008669,0.3576970028378897
187,1187,lasso,0.6473827589068781,0.15113897365569734,0.4962437852511808,0,2.5191013296538194,0.25508622635457323
187,1187,lasso_logistic,0.20422969191052984,0.15113897365569734,0.0530907182548325,1,4.687240618202257,0.3932723214004313
188,1188,xgboost,0.1283242109825277,0.12084021915301058,0.007483991829517117,1,4.040095954349343,0.40666627643539044
188,1188,lasso,0.6618081245665457,0.12084021915301058,0.5409679054135351,0,3.586805021971188,0.1903309992541588
188,1188,lasso_logistic,0.1746547376301841,0.12084021915301058,0.05381451847717353,0,4.910612521660641,0.3991084209402232
189,1189,xgboost,0.11859603984369124,0.12319611768500527,-0.004600077841314026,0,1.128490722081083,1.2295866000025368
189,1189,lasso,0.6602218466431116,0.12319611768500527,0.5370257289581063,0,2.2441900613016417,0.37218138176636617
189,1189,lasso_logistic,0.17122283794694915,0.12319611768500527,0.04802672026194388,1,2.838979765578422,0.8498314237334026
190,1190,xgboost,0.16794313668020838,0.1586678786048384,0.009275258075369969,0,1.5328052154166207,0.7602640613565168
190,1190,lasso,0.6637169432832536,0.1586678786048384,0.5050490646784151,0,3.277849840908455,0.28534553017662084
190,1190,lasso_logistic,0.2104263490343554,0.1586678786048384,0.05175847042951698,1,2.901431480340524,0.6503884512894864
191,1191,xgboost,0.13607179215931178,0.1256449919945768,0.01042680016473499,1,3.4058388549807175,0.34268398340138584
191,1191,lasso,0.6564163859445163,0.1256449919945768,0.5307713939499396,1,4.01711698462971,0.16923381805548382
191,1191,lasso_logistic,0.18328003927506006,0.1256449919945768,0.05763504728048327,1,4.323227390364459,0.39340824964361676
192,1192,xgboost,0.16037251574930472,0.13994756076984635,0.02042495497945837,1,3.5724476769328946,0.22802035871110365
192,1192,lasso,0.6529266252738867,0.13994756076984635,0.5129790645040403,1,3.74142341565011,0.1326802833480849
192,1192,lasso_logistic,0.20840547838769846,0.13994756076984635,0.06845791761785211,1,4.284135190887859,0.2962034882305928
193,1193,xgboost,0.13666317756986499,0.1248980120874046,0.011765165482460385,1,3.998511049580998,0.27619805926356467
193,1193,lasso,0.6552505149495439,0.1248980120874046,0.5303525028621393,0,2.985976280587087,0.1294516563582552
193,1193,lasso_logistic,0.1772088904167223,0.1248980120874046,0.0523108783293177,0,4.823207779118328,0.3006602147465328
194,1194,xgboost,0.1508001491763757,0.134793242878705,0.01600690629767068,0,5.365795602446076,0.2663904588831664
194,1194,lasso,0.6584980922673345,0.134793242878705,0.5237048493886295,0,2.4386931024524987,0.2610017789536061
194,1194,lasso_logistic,0.19256878622467216,0.134793242878705,0.057775543345967156,0,5.29141363926986,0.40660344829832246
195,1195,xgboost,0.13650996368797688,0.13395500975246963,0.0025549539355072537,1,4.306082727439865,0.48250591525028663
195,1195,lasso,0.6539252776890709,0.13395500975246963,0.5199702679366013,1,3.7550819938525004,0.21814411721907362
195,1195,lasso_logistic,0.19462821595136204,0.13395500975246963,0.06067320619889241,0,5.267421239200747,0.3874793161817043
196,1196,xgboost,0.15987977874777026,0.14644213458165342,0.013437644166116841,1,4.224420703914471,0.5662132790621376
196,1196,lasso,0.6630712077504274,0.14644213458165342,0.5166290731687739,0,4.515836997127113,0.23490671881743055
196,1196,lasso_logistic,0.21689381936455354,0.14644213458165342,0.07045168478290012,0,5.855247400145059,0.4527663118903966
197,1197,xgboost,0.1541685500506893,0.14421789168026025,0.00995065837042905,1,3.751826131228048,0.2819110450004029
197,1197,lasso,0.6484652319268664,0.14421789168026025,0.5042473402466062,0,3.676491192591612,0.13603430119542875
197,1197,lasso_logistic,0.19558174561521907,0.14421789168026025,0.05136385393495882,1,4.508805793441835,0.2871387626101924
198,1198,xgboost,0.1606993011083806,0.1365998350710471,0.02409946603733351,1,3.808392753564576,0.6405140104645927
198,1198,lasso,0.664368029069879,0.1365998350710471,0.5277681939988319,0,1.9362479358001699,0.40561880910818565
198,1198,lasso_logistic,0.20150073710742863,0.1365998350710471,0.06490090203638155,1,4.634592112039925,0.5793895206891836
199,1199,xgboost,0.1777688612557768,0.1553411259927766,0.02242773526300018,1,4.12882631250541,0.5622108103939236
199,1199,lasso,0.6685647078267027,0.1553411259927766,0.5132235818339261,1,4.172863231460605,0.2348828975040398
199,1199,lasso_logistic,0.21916672308197904,0.1553411259927766,0.06382559708920243,0,5.70733699095154,0.5036368122001227
